32466
3741
15905
8592
2226
60951
48071
14479
59812
29226
15657
36673
43446
52704
36419
63005
41971
53996
50676
1699
11686
52627
42741
28936
26938
58635
43944
4833
10099
6787
40176
38641
23446
52702
5721
42408
60226
63142
40498
23925
38384
42489
28131
49124
29744
37710
53588
32561
6226
22158
14988
34130
45856
62949
5213
13358
9330
51584
49905
44195
33318
41777
36572
61858
9627
8180
54792
62527
37237
3585
26806
5916
44154
42808
32578
33236
41942
52806
64081
20864
56454
36935
23074
55624
23071
30199
62987
26233
58874
589
55733
26055
40481
28998
24096
3394
52382
64742
8160
26090
30472
49156
38249
29669
51418
41737
61284
27205
45619
32314
31908
4689
1484
62409
56063
31700
21727
8790
22830
30448
23634
43624
4902
28174
15435
3955
13650
51862
61528
64364
6952
54942
43807
39566
34207
58359
17098
10404
15809
41732
50245
59849
8681
58611
24568
29262
53350
19104
7280
9464
3047
34419
20316
49110
13270
10735
40205
18204
4235
27038
52985
30433
1985
43501
60506
32914
3217
65442
45535
23434
13945
29938
28629
33301
32723
56159
61044
271
21785
8310
51019
14544
9842
35484
34448
18016
21381
24984
20523
31793
33238
26292
63648
38454
40753
6219
55795
60968
38667
9924
54853
9907
43677
15243
13783
55054
43804
24536
29234
16561
17127
63236
46321
5728
29013
35234
21563
43837
15335
6386
63901
23035
62099
37038
18389
46049
49840
17741
47576
44447
28691
31012
26232
61636
5495
16744
12736
7371
42857
6031
29871
50619
30515
4504
3715
37192
10371
28473
17849
59851
62576
37028
35690
20721
57831
55297
40709
42709
63022
40687
21443
32144
41622
42971
16895
20803
44758
1468
32222
49625
5176
48711
22503
33284
9342
45291
40028
59102
39819
64117
30890
61761
64284
61457
29825
25994
40997
22244
60154
27758
10338
1491
24918
10223
63501
8114
35109
18112
27224
27356
52407
38539
38600
31474
60241
53034
45299
53210
28841
48571
10941
17581
5425
52058
43580
6238
17556
53259
1842
4718
59992
45924
18381
16004
4915
35359
37934
3206
6580
28176
25523
19900
46944
1359
33028
11607
1497
39423
41456
26925
59145
22094
8540
24924
27948
1040
19262
8307
17649
60768
45049
62653
14866
51137
9420
11192
11032
3585
44432
46504
61612
47741
14335
1655
16600
56320
13677
13489
42202
12031
5263
50777
31008
27759
60608
38658
16496
53831
22136
63993
34399
230
9420
32789
9959
24527
8346
20881
11000
5127
58199
45889
61699
12021
52226
20938
3680
9782
51203
12118
4120
10175
17202
22335
59445
18928
12419
45321
42494
33155
24561
48996
58353
18245
37076
47874
50142
51724
10593
8673
6421
52809
45024
31923
36695
6205
65398
9115
54489
39066
23601
13137
33464
63841
38924
37617
15307
35378
14253
60067
6724
40090
12587
10988
31465
55866
27768
54652
50621
64537
33599
37226
22809
3219
30822
53243
58033
18468
52568
57976
31513
3380
49076
12
55615
41989
52394
24946
5436
3760
17115
62129
12880
22881
36845
46744
6026
58736
42694
1796
41858
689
56915
30243
6706
31095
47539
29202
39478
53688
22829
35869
29002
37060
49800
43246
50309
826
38527
36475
55376
42138
13163
34976
29712
50534
12815
58678
5882
44110
52193
9679
31713
21143
14790
11892
55852
51300
53700
51283
22505
50800
26962
17137
48448
33038
52176
14590
439
16244
24683
50489
10460
56159
5029
12876
54151
13211
24131
13416
15891
57545
43112
30431
16315
31370
5077
4480
32137
21681
58997
51928
61534
29798
52798
50316
15316
15406
11202
53123
5962
57466
37194
38161
15702
35909
64484
35559
21772
27404
47579
14235
1347
52026
59873
14121
41370
46644
26330
10337
31900
45493
26924
53214
3961
42373
14036
18741
38721
57578
43661
46505
5881
216
57209
65378
34421
37624
54467
43731
21631
5776
50074
23572
55655
49961
15393
23993
18983
57889
62296
45163
42403
43990
46979
45096
49704
24507
61863
19562
29305
40965
54345
60705
58556
8787
12643
3656
11205
14108
30276
10380
61830
62841
31609
54758
53664
31014
25530
5838
53673
20653
22274
58992
62433
15001
22767
50272
25880
42541
6985
48730
18819
7823
33243
47044
33479
9052
35591
62555
56646
50910
41980
12930
8391
19785
46962
13825
23088
37272
54626
30722
65150
65528
28875
39681
64442
58299
22894
15224
30837
47974
47503
7792
34516
26936
7907
38966
57982
54654
34953
13685
31237
57995
26171
16899
57889
7268
42315
10537
21587
4236
19036
60777
51344
45270
37352
4015
27592
3899
16686
18960
55455
25741
17379
65229
19879
63651
11429
19331
47731
46292
58806
22641
2994
63772
16440
59158
7141
36287
63840
57340
11036
5774
53734
57269
41430
24259
64479
40272
8955
52338
10553
45777
56297
44435
6277
28879
31066
18102
33266
15304
57695
16503
37519
41452
38720
30155
49979
11619
39700
11667
19052
40953
23882
28276
57248
4948
33738
39125
11153
41788
23469
34847
27935
10200
54605
44648
24284
55953
20934
29933
51218
60369
44571
29684
54487
22540
17019
7846
65221
6672
47252
24339
6739
64888
64550
27700
55029
16535
16868
15276
28994
16277
27587
13184
31134
1294
31789
53546
54974
46444
29849
33709
46257
56250
56477
57788
63126
3902
20131
9244
19899
49830
9069
37655
3053
16053
40794
40118
37771
25808
41235
3174
21925
20610
39358
23647
14412
58259
47368
6491
5302
46462
29618
39572
32964
26261
30700
61079
426
32758
26630
24982
146
31986
20483
49109
50638
26573
19920
50852
28323
19576
46137
46224
19427
15992
34528
46630
38981
34331
22323
60431
43861
55844
43128
57805
7288
6408
18721
44564
2125
25977
51866
20228
25717
42983
3150
39310
533
28609
56196
48189
16782
54858
64930
40728
12457
3960
44602
37872
46033
40529
7064
55585
49528
59268
48183
27744
40984
240
19293
57340
31392
58774
48024
9073
42866
36225
47383
3137
19247
7802
15462
32295
58637
28528
54658
13888
5678
17234
30930
54172
4878
60216
49260
58723
38288
51465
25976
45958
31226
30214
42180
36549
2356
365
55316
43156
6564
56740
43056
30304
58789
5063
19504
12097
44484
18585
38252
655
56642
63719
26290
47581
35741
12433
21996
54737
28145
23785
55898
8952
55655
56189
42102
52997
38038
36656
47256
16228
19292
16899
8108
9342
26343
30563
35647
22902
26013
50211
2252
10946
6993
56427
52490
16209
15689
34614
